BEGIN
 year | tdiv | odiv | won  | lost | count 
------+------+------+------+------+-------
 2012 |    1 |    1 |  408 |  408 |   816
 2013 |    1 |    1 |  485 |  485 |   970
 2013 |    1 |    3 |   45 |   28 |    73
 2013 |    3 |    3 |  840 |  840 |  1680
 2014 |    1 |    1 |  517 |  517 |  1034
 2014 |    1 |    3 |   25 |   10 |    35
 2014 |    3 |    3 |  861 |  861 |  1722
 2015 |    1 |    1 |  521 |  521 |  1042
 2015 |    1 |    3 |   27 |    7 |    34
 2015 |    3 |    3 |  906 |  906 |  1812
 2016 |    1 |    1 |  547 |  547 |  1094
 2016 |    1 |    3 |   18 |   11 |    29
 2016 |    3 |    3 |  986 |  986 |  1972
 2017 |    1 |    1 |  560 |  560 |  1120
 2017 |    1 |    3 |   17 |    7 |    24
 2017 |    3 |    3 | 1094 | 1094 |  2188
 2018 |    1 |    1 |  545 |  545 |  1090
 2018 |    1 |    3 |   15 |    7 |    22
 2018 |    3 |    3 | 1188 | 1188 |  2376
(19 rows)

COMMIT
