BEGIN
CREATE TABLE
INSERT 0 604
 year |  str  |  ofs  |  dfs  |  sos  |  n  
------+-------+-------+-------+-------+-----
 2012 | 1.000 | 1.000 | 1.000 | 1.063 |  36
 2013 | 0.564 | 0.751 | 0.751 | 0.600 | 104
 2014 | 0.559 | 0.748 | 0.748 | 0.591 | 109
 2015 | 0.555 | 0.745 | 0.745 | 0.584 | 111
 2016 | 0.551 | 0.743 | 0.742 | 0.585 | 121
 2017 | 0.535 | 0.732 | 0.732 | 0.561 | 123
(6 rows)

 year | div |  str  |  ofs  |  dfs  |  sos  | n  
------+-----+-------+-------+-------+-------+----
 2012 | D1  | 1.000 | 1.000 | 1.000 | 1.063 | 36
 2013 | D1  | 0.990 | 0.995 | 0.995 | 1.009 | 42
 2013 | D3  | 0.385 | 0.621 | 0.621 | 0.422 | 62
 2014 | D1  | 1.041 | 1.020 | 1.020 | 1.075 | 43
 2014 | D3  | 0.373 | 0.611 | 0.611 | 0.400 | 66
 2015 | D1  | 1.049 | 1.024 | 1.024 | 1.062 | 43
 2015 | D3  | 0.371 | 0.609 | 0.609 | 0.400 | 68
 2016 | D1  | 0.974 | 0.987 | 0.987 | 1.005 | 46
 2016 | D3  | 0.389 | 0.624 | 0.624 | 0.420 | 75
 2017 | D1  | 0.951 | 0.975 | 0.975 | 0.958 | 43
 2017 | D3  | 0.393 | 0.627 | 0.627 | 0.421 | 80
(11 rows)

 team_id | div | year | str | ofs | dfs | sos 
---------+-----+------+-----+-----+-----+-----
(0 rows)

COMMIT
