BEGIN
 year | div | div | won  | lost | tied | count 
------+-----+-----+------+------+------+-------
 2009 |   1 |   1 | 1118 | 1118 |    0 |  2236
 2009 |   1 |   3 |  136 |   76 |    0 |   212
 2009 |   3 |   3 | 1145 | 1145 |    0 |  2290
 2010 |   1 |   1 |  816 |  816 |    0 |  1632
 2010 |   1 |   3 |  137 |   84 |    0 |   221
 2010 |   3 |   3 | 1146 | 1146 |    0 |  2292
 2011 |   1 |   1 |  834 |  834 |    0 |  1668
 2011 |   1 |   3 |  201 |   60 |    0 |   261
 2011 |   3 |   3 | 1319 | 1319 |    0 |  2638
 2012 |   1 |   1 |  878 |  878 |    0 |  1756
 2012 |   1 |   3 |  120 |   44 |    0 |   164
 2012 |   3 |   3 | 1528 | 1528 |    0 |  3056
 2013 |   1 |   1 |  970 |  970 |    0 |  1940
 2013 |   1 |   3 |   90 |   56 |    0 |   146
 2013 |   3 |   3 | 1676 | 1676 |    0 |  3352
 2014 |   1 |   1 | 1034 | 1034 |    0 |  2068
 2014 |   1 |   3 |   50 |   20 |    0 |    70
 2014 |   3 |   3 | 1724 | 1724 |    0 |  3448
 2015 |   1 |   1 | 1026 | 1026 |    0 |  2052
 2015 |   1 |   3 |   54 |   14 |    0 |    68
 2015 |   3 |   3 | 1814 | 1814 |    0 |  3628
(21 rows)

COMMIT
